center: -34.60541319979051, -58.36356593258121
zoom: 15

markers:
  - title: Hilton Buenos Aires
    latlng:  -34.60541319979051, -58.36356593258121

