center: 35.70912107220694, 139.71959485583108
zoom: 15

markers:
  - title: Waseda University
    latlng: 35.70912107220694, 139.71959485583108

